<simulation verbosity='high'>
   <prng>
      <seed>12345</seed>
      <state shape='(624)'>
       [ 2822987779, 801965887, 4104680921, 3112498634, 843997677, 
         2495063861, 440638422, 1026392588, 399281236, 4082126311, 
         278957466, 2744190158, 2060246669, 4176690587, 2132488116, 
         2483415053, 2312125481, 2711764753, 1322864472, 4029900188, 
         1532824303, 3537049810, 316067690, 3598884917, 1168117337, 
         1642336752, 2933399154, 3265734359, 1132495092, 3472987318, 
         3054830589, 1620716035, 2602205142, 1202601917, 1017359715, 
         2323098316, 1142398328, 2133746561, 1222117854, 525154710, 
         1793247837, 4029579772, 3840442158, 1237969332, 1686734039, 
         1692065980, 1674258459, 2781857493, 2641245132, 2015856208, 
         3725295608, 2325411019, 4086794809, 2774145192, 2369263193, 
         345059775, 3363419160, 1565584874, 3559367284, 2512398783, 
         4248797774, 2323068459, 1689294058, 1722999278, 3334297331, 
         3361134627, 2348472279, 1199226329, 2356802410, 854515045, 
         2452662945, 4231525517, 2911901852, 1282995320, 1682591856, 
         402478811, 1172853157, 1603587211, 1652370580, 2885786554, 
         290271956, 2058188115, 461565833, 2659872631, 2882029318, 
         2660724315, 3776940218, 3773346088, 2268514946, 975285417, 
         2637175471, 1004427926, 1251822758, 892088296, 1147260352, 
         798650197, 1096868671, 3253116330, 3943935209, 1000117717, 
         125546228, 3729217915, 894739775, 1897345639, 1094392255, 
         3622555788, 1813179433, 2417496186, 2075315257, 2129045380, 
         2490828523, 2437597269, 188836728, 3571314252, 2388393708, 
         3388333023, 2484633678, 2754512836, 1668942482, 3902246531, 
         3780068710, 2059036265, 3482367334, 1520820976, 1098085876, 
         741184777, 3439843684, 393890173, 3945636577, 1100924066, 
         2510242089, 122556245, 3750332940, 1685307016, 4152710054, 
         2716063064, 1255067912, 3658099687, 4000980319, 3179152180, 
         2953848909, 627775412, 1272202425, 1193936783, 2591609598, 
         2803702011, 4078486958, 1643376467, 699587625, 202039675, 
         1037158048, 873412471, 2329203188, 739309681, 3244071421, 
         3470408215, 1218917551, 3497836792, 1875194873, 2552989012, 
         346301384, 1950555060, 2058775177, 1329191243, 3472551897, 
         808221647, 2320617062, 2055780942, 42041977, 3559563202, 
         2190091472, 1496366502, 452291939, 3001835982, 1788873533, 
         1624992923, 769008947, 250787460, 663554829, 2387308974, 
         3745337473, 3250686405, 4179959915, 844122531, 520139876, 
         3681897068, 3332671586, 3388952294, 621206844, 2269320235, 
         2807236201, 1212620805, 1377784898, 1868603423, 2847131805, 
         319319467, 711592312, 2289405284, 1540987254, 3491022792, 
         3994143903, 939016137, 3936993711, 3109492910, 54970428, 
         2262741037, 483225826, 1084949565, 1301812028, 828867619, 
         1904615445, 3217970170, 171332306, 2466402937, 252289581, 
         2985991424, 1729379242, 3959833591, 2908573024, 664627709, 
         2373361955, 1587508660, 3881155580, 150930032, 3560003099, 
         47654757, 2349574045, 4092771791, 3396720189, 830383177, 
         813393957, 690718960, 512846984, 3674087332, 2275770432, 
         1126121716, 3957380857, 3364170748, 2169157734, 3261309218, 
         2496196239, 1296457169, 3250199131, 2784165434, 1142254183, 
         3368127882, 3326438634, 1024392338, 2669153497, 1906115189, 
         795308385, 2601227548, 2655708658, 96641472, 3236986959, 
         3596003099, 2316938630, 1251840103, 4014761683, 3863084359, 
         3682638710, 3368269329, 3052596018, 1752513134, 2423377474, 
         2052196032, 3124407583, 647917687, 4129404071, 867190872, 
         247910393, 4149609542, 1817421869, 2085087718, 2664954327, 
         3899845189, 1287906107, 4192204298, 1066510832, 1256816225, 
         1854716131, 3295782123, 1400854964, 3109855693, 3099975485, 
         69060004, 2514520272, 1686653669, 3765220955, 3728089934, 
         3497412452, 591659217, 515967122, 839085741, 1410573264, 
         3687783081, 418291905, 2596584587, 3897024968, 1174209758, 
         795798538, 711053508, 4220770362, 639638158, 2179184591, 
         3775475655, 3411297451, 3994410695, 1804169345, 46380023, 
         2567069149, 2510232505, 1800510184, 1400404826, 641694199, 
         3348944285, 221856597, 4183960587, 3918750378, 1176933032, 
         2663409960, 3152947407, 464250784, 1832431248, 411285055, 
         3412831082, 1176283824, 2392328952, 1045722048, 2428428155, 
         2848717850, 3071112756, 3706402547, 3741370605, 3694478034, 
         617636430, 371753373, 3966039250, 2790459642, 174360290, 
         1499098495, 2587254287, 1459572295, 1574942660, 3277616797, 
         1094106944, 1702615558, 2965839434, 517646869, 4100595304, 
         1235546386, 1148250906, 3354506540, 2937541476, 1387736140, 
         2153836383, 3776805545, 436245359, 113935533, 1375354258, 
         180403714, 4283832592, 916639573, 1710897851, 3827689109, 
         1437807345, 4050422074, 4040509032, 1726261000, 2864199716, 
         431100922, 3980674537, 599821749, 2720413754, 3777779929, 
         4065306295, 3217508324, 754403256, 1261344016, 1821571107, 
         2190981178, 127612624, 616888859, 3961537420, 3957134516, 
         4201309871, 2318201812, 1409813672, 3819449239, 1038656511, 
         3318763770, 958326042, 4130536378, 4022504298, 2388797867, 
         2898508493, 574333869, 2080906540, 2673303997, 2811187435, 
         2532203605, 484796816, 328786783, 3150733518, 1255582998, 
         709909261, 514862143, 872720937, 3177184437, 219555340, 
         159419717, 1639188024, 3526422886, 1406799471, 3905825642, 
         4116223857, 2827596941, 824861109, 1450942586, 3912310765, 
         2224013050, 986606465, 2453500489, 168893188, 3099741170, 
         814158553, 1436513519, 2137625200, 2091325503, 398678037, 
         970098906, 2048951862, 2632955068, 2328479927, 3248246601, 
         1659260684, 3445879447, 2451280740, 4174044198, 659553983, 
         1376091201, 2187168667, 838886485, 49673210, 810809855, 
         1988302265, 845797567, 1613614716, 319820559, 3964106239, 
         4068535714, 250842674, 1990426110, 761466857, 98032906, 
         229945363, 3661000294, 1516797816, 1778315615, 3095805634, 
         524176164, 786218597, 4139664486, 1593321877, 1971016631, 
         3528439065, 1032559792, 2437144824, 1410772247, 1224548527, 
         3210311287, 2564158005, 3761547426, 3497478426, 361648662, 
         3395966670, 1418673018, 2107144427, 902203024, 2800945356, 
         484573120, 4213391660, 309405734, 1004597289, 2272333623, 
         1882086379, 1251011954, 3878811699, 147999792, 1876062588, 
         2966181162, 960805533, 3281427343, 3307846342, 2742795624, 
         258791760, 690071448, 720991717, 2278215099, 3369422580, 
         1257635377, 1779594742, 2808889854, 480809274, 1690978255, 
         1240058551, 174794883, 2272230468, 2764492268, 1746206909, 
         1670920073, 2812961838, 2043157052, 3503473725, 4129165833, 
         3383794439, 2631713413, 78851307, 838753056, 845331456, 
         156619522, 3615942872, 1056406403, 2525391111, 472546399, 
         3938466617, 3286274309, 2224589070, 3436440599, 2589705985, 
         4133580042, 728162264, 468888871, 1941221324, 1614233790, 
         3499789627, 1044330916, 2635693910, 228042471, 3584112355, 
         2268238006, 4277961772, 4027951893, 1269679135, 3432674526, 
         208441262, 1711660544, 48573511, 2135067662, 88906004, 
         2700513416, 3156824834, 1502677104, 575238853, 2605604322, 
         3464603012, 2231266302, 789968295, 3458640926, 3902057440, 
         2661651305, 2145933632, 2223510082, 576032472, 4270507756, 
         2337392156, 3658291058, 1469899701, 1913609341, 3171513874, 
         2715523905, 858285093, 1929946253, 1450781310, 3718229421, 
         1699598847, 512616193, 4103777731, 1211206277, 3889875968, 
         3713628567, 2704359764, 3118012618, 1294978298, 3538512619, 
         2892329836, 4207119629, 3276312731, 3412269011, 3009440555, 
         4034316210, 1790529040, 913163425, 2077254907, 3362176606, 
         1631641222, 2880458410, 131744493, 3454017237, 185865317, 
         1365557767, 1345954759, 1443760800, 974946459, 487467823, 
         1498386713, 399162478, 2668420943, 3500457240, 3826239715, 
         2937702604, 3419173366, 3195088791, 2937220427, 3844309797, 
         3549307018, 3000438079, 3318714151, 2314278195, 4286195952, 
         3214432883, 3262528097, 2362850956, 2937234291 ]
      </state>
      <set_pos>136</set_pos>
   </prng>
   <output prefix='alchemical'>
      <properties shape='(10)' stride='5'>
       [ step, time{picosecond}, conserved{electronvolt}, temperature{kelvin}, kinetic_md{electronvolt}, 
         potential{electronvolt}, pressure_md{bar}, volume{angstrom3}, ensemble_temperature{kelvin}, cell_abcABC ]
      </properties>
      <trajectory filename='xc' stride='5' cell_units='angstrom'>x_centroid{angstrom}</trajectory>
      <checkpoint stride='1000'>1</checkpoint>
   </output>
   <step>16</step>
   <total_steps>4000</total_steps>
   <ffsocket mode='unix' name='driver'>
      <address>alchem</address>
      <port>12345</port>
      <timeout>  6.00000000e+01</timeout>
   </ffsocket>
   <system>
      <forces>
         <force forcefield='driver'>
         </force>
      </forces>
      <ensemble>
         <temperature>  7.91703800e-04</temperature>
         <eens>  5.17628779e-03</eens>
         <hamiltonian_weights shape='(1)'> [   1.00000000e+00 ] </hamiltonian_weights>
         <time>  3.30730984e+02</time>
      </ensemble>
      <motion mode='dynamics'>
         <dynamics mode='nvt'>
            <thermostat mode='gle'>
               <ethermo>  1.34059667e+00</ethermo>
               <A shape='(5, 5)'>
                [   4.49809886e-03,   6.59481072e-06,   2.78803034e-04,  -8.80826517e-04,   5.60537149e-03, 
                   -6.72680227e-06,   2.07906956e-09,   1.74616955e-05,  -4.80016447e-06,   1.02583087e-05, 
                   -3.58619145e-04,  -1.74616955e-05,   3.28748198e-05,   1.24569872e-04,  -2.41765716e-04, 
                   -2.50891254e-04,   4.80016447e-06,  -1.24569872e-04,   6.44920777e-04,   2.78358323e-04, 
                    5.27349344e-03,  -1.02583087e-05,   2.41765716e-04,  -2.78358323e-04,   7.48847746e-03 ]
               </A>
               <s shape='(5, 144)'>
                [  -1.25713878e-01,   1.34122810e-01,  -2.46136246e-01,  -1.80395425e-01,   9.38927428e-02, 
                   -8.85934468e-02,  -1.06475283e-02,   5.60578381e-02,   2.28735101e-02,  -1.44330629e-01, 
                    8.69917934e-02,   4.28911163e-04,   6.16881098e-02,   1.61912127e-01,  -2.52708458e-01, 
                    8.62427881e-02,   6.03236408e-02,  -2.65496927e-02,  -1.14358655e-01,  -5.18451978e-02, 
                    8.37248761e-02,  -4.05384949e-02,  -4.39457647e-02,   2.67434956e-01,  -3.57632040e-02, 
                    1.78944458e-01,  -3.57679017e-01,   9.84436131e-02,  -7.36675852e-02,   1.60712244e-01, 
                    2.14580688e-01,  -7.98043180e-02,  -3.41763224e-01,   6.76187026e-02,  -3.82604183e-01, 
                    2.00357109e-01,   1.60428707e-02,   5.98856198e-02,  -3.22433709e-01,  -5.18745476e-02, 
                   -9.08682926e-02,  -7.20758987e-03,   7.07114234e-02,  -1.57306641e-01,  -1.96342618e-01, 
                   -7.37753847e-02,  -6.78674827e-03,   1.80556585e-01,   1.25035578e-01,  -3.92601711e-02, 
                    2.55790429e-01,   1.99405663e-01,  -3.92292143e-02,   1.65163124e-01,  -1.10538477e-01, 
                    1.83598423e-02,   1.73103274e-01,  -1.28532439e-01,   1.41624616e-01,   5.45165411e-02, 
                    6.36948397e-02,  -4.42802939e-02,   1.58396392e-01,   1.90327815e-01,   1.15117651e-01, 
                    3.86523169e-02,   7.38662216e-02,  -3.30258703e-01,  -1.43766517e-01,  -5.57950813e-03, 
                    3.06865932e-02,  -4.52947034e-02,   8.56323488e-03,  -1.60370443e-01,  -2.03928983e-01, 
                    6.34938112e-02,  -3.44095534e-02,  -2.09073036e-01,   9.82616549e-02,   4.85834708e-02, 
                    1.43290475e-01,  -4.56928148e-02,   1.12745601e-01,   2.45521780e-01,   2.26003239e-01, 
                    1.53328437e-01,  -1.07954729e-01,   2.36671238e-01,   8.91470740e-02,  -3.11873050e-02, 
                    2.88758495e-02,  -1.14391744e-01,   1.82422411e-01,  -8.02233069e-02,   1.05318001e-02, 
                   -6.74653559e-02,   4.32276251e-02,   2.15584053e-01,   2.18191045e-01,  -1.02561050e-01, 
                   -2.73172123e-01,  -1.58038142e-01,  -9.66337348e-02,   4.30014662e-01,   3.41903701e-01, 
                   -3.07938931e-01,   1.86687225e-01,   2.15642979e-01,   2.23642363e-01,  -2.79618421e-01, 
                    1.92924433e-01,  -2.31864752e-01,  -1.88750238e-01,   9.49161429e-02,  -2.61887763e-01, 
                   -1.70065611e-01,  -1.46673843e-02,   1.16204038e-01,  -1.03159932e-01,  -1.26262252e-01, 
                   -5.12069037e-02,   2.33802994e-03,  -2.48338156e-01,   4.29062788e-02,   4.12364765e-01, 
                   -1.27315806e-01,   6.81012095e-03,  -2.56567535e-01,  -1.76137392e-01,   2.70691049e-01, 
                   -1.10455347e-01,  -1.08813344e-01,   3.61370911e-02,   1.03464495e-01,  -1.39891508e-01, 
                   -9.57722425e-02,   5.57391701e-02,   2.04642631e-01,  -2.92921936e-01,   5.88652768e-02, 
                    2.60374058e-01,   6.91394862e-02,  -5.08835037e-02,  -1.41836117e-01,  -2.45598129e-02, 
                    1.07293913e-02,  -1.26716947e-02,   9.72956866e-03,  -3.42956132e-02,   1.60451064e-02, 
                    1.30447520e-03,  -6.51481330e-03,   3.80259065e-02,   3.77301049e-02,  -1.07316289e-02, 
                    2.39779448e-02,   4.94113092e-02,  -3.90043694e-02,  -1.11693967e-02,  -9.47895837e-03, 
                    1.09473999e-02,   5.15790161e-03,   3.72258581e-02,  -6.37767862e-02,  -2.57365986e-02, 
                   -1.34526057e-02,   2.95191261e-02,   2.65024829e-02,  -3.20025493e-03,   1.14761811e-02, 
                    7.70546694e-03,  -1.18598188e-02,   9.86936911e-03,  -1.01608743e-02,   6.02499782e-02, 
                    3.95816736e-02,  -3.84486828e-03,   1.98560195e-02,   5.81085157e-02,  -3.35871286e-03, 
                   -2.63466432e-02,   9.28929767e-03,   3.59379442e-02,  -3.97308310e-02,  -4.20001602e-03, 
                   -2.01646677e-02,   2.99234528e-03,  -4.25141300e-02,  -3.33137283e-02,   7.34073378e-02, 
                   -1.90637370e-02,  -2.11472806e-02,   1.81264824e-02,  -3.25666323e-02,   1.80674764e-02, 
                    2.90856250e-02,   1.86034114e-02,  -2.21256261e-02,  -2.56229907e-02,   4.26219042e-02, 
                    2.90305196e-03,   3.31084527e-02,   1.84931520e-02,  -1.52165216e-02,  -1.27414780e-03, 
                   -3.22734838e-02,  -4.50275374e-03,  -3.21394392e-02,   3.08285698e-02,   1.76788701e-02, 
                    3.52826070e-02,   2.62197155e-02,  -1.24157547e-02,  -2.48449335e-02,  -1.92503606e-02, 
                    3.45755199e-02,   1.28692568e-02,   2.99869724e-03,   2.83279488e-02,  -3.19573760e-02, 
                   -7.86949309e-03,   3.67206163e-02,  -4.50499514e-02,  -2.85896327e-02,   3.51782865e-02, 
                   -4.58192893e-03,  -6.85082003e-02,  -2.85964514e-02,   4.53574015e-02,   1.34986436e-02, 
                    4.03999086e-03,  -1.47655514e-02,  -1.29314852e-02,   3.26544640e-03,  -3.68421143e-02, 
                    6.09711240e-02,   1.61553446e-02,  -5.20964535e-03,  -2.59302150e-02,  -2.78685477e-02, 
                    6.23150196e-02,   2.62962816e-03,   5.15210334e-02,  -4.47286098e-02,  -2.20975519e-02, 
                    1.50543419e-02,   2.65848186e-03,   1.11271310e-01,  -6.59769921e-03,   2.34467251e-02, 
                   -9.61168100e-03,   4.13487560e-03,  -1.89652829e-02,   3.72252747e-02,  -3.71672870e-03, 
                    1.20547703e-02,   2.62700764e-02,   1.51457863e-02,   9.30725386e-03,  -7.43580658e-04, 
                    3.99076135e-02,   1.61270667e-02,   1.25126914e-02,   5.09816969e-03,  -1.85781075e-02, 
                   -1.63720668e-02,   8.91572913e-02,   2.68811956e-02,  -2.64457454e-02,  -3.20344739e-02, 
                   -3.07616287e-02,  -2.59891026e-02,  -3.88929143e-02,   1.30540713e-02,  -4.53120685e-02, 
                   -2.09664404e-02,  -1.42601525e-02,  -1.71215552e-02,  -8.27080238e-04,   6.41651167e-03, 
                    7.81331207e-03,   3.52566734e-02,   3.56005552e-02,   2.41736526e-02,  -4.23736495e-02, 
                   -4.35237062e-02,   8.17498650e-03,   9.24736798e-03,  -9.82061409e-03,   2.01176335e-02, 
                   -2.34910985e-02,  -7.45075132e-02,   2.85663103e-03,   1.18713033e-02,   4.60897774e-02, 
                    5.95468140e-02,  -8.47867725e-03,   1.43779164e-02,   1.39793349e-02,   1.48569288e-02, 
                   -2.18839471e-02,  -4.33559097e-02,  -3.23675067e-03,   2.06049066e-02,  -5.47942352e-02, 
                    7.73904580e-03,  -2.22792858e-02,  -9.30805110e-03,   1.90724383e-02,  -2.33910526e-02, 
                   -7.16586548e-03,   3.86335438e-02,  -2.57249123e-02,   5.70920626e-02,  -7.07298463e-02, 
                   -1.45500428e-02,   1.16328161e-02,  -3.55203689e-02,   2.17211041e-02,  -7.01960657e-03, 
                   -4.27998257e-02,  -3.00149961e-03,  -2.76455482e-02,   2.24976369e-02,   1.78664867e-02, 
                    2.22245428e-02,  -1.82703226e-02,  -1.55008034e-02,  -2.36079482e-02,   3.23921833e-03, 
                   -1.65828861e-02,  -4.08849982e-03,  -3.77380511e-02,  -8.40700276e-03,  -4.80515999e-02, 
                    4.59072525e-02,   4.80315227e-02,   1.85976987e-02,   7.87613513e-03,   2.20136188e-02, 
                   -5.21710517e-03,  -3.89331321e-02,  -2.48525385e-02,   3.26273649e-03,   1.79560604e-02, 
                   -1.45194132e-02,  -6.74250266e-03,   2.90985315e-02,  -8.78376400e-03,   1.70626065e-02, 
                    2.92034525e-02,   7.52038680e-03,   7.20150337e-02,   1.77151125e-02,   4.87267275e-02, 
                    1.98802972e-02,  -3.00691420e-02,  -2.11715415e-03,  -4.56484722e-02,   1.20669678e-02, 
                    1.20027182e-02,  -4.72070961e-02,  -2.47553922e-02,   9.31961155e-03,   4.56012382e-02, 
                   -3.57540981e-02,  -9.29834769e-03,  -1.70402719e-02,   4.12755384e-02,   1.17391970e-02, 
                   -3.09577720e-02,   2.01698404e-02,   3.05304339e-02,   3.07044800e-02,   9.71625168e-04, 
                    1.10273786e-02,  -3.22553892e-02,  -8.23528547e-02,   1.67884260e-02,  -8.34565378e-04, 
                    5.06138333e-02,  -4.40420691e-02,   2.99183796e-02,   5.08530985e-02,  -4.20837645e-03, 
                   -1.18472124e-02,   3.41980639e-02,  -1.35895084e-02,  -3.69652661e-02,   2.73048387e-03, 
                    3.71742128e-03,   2.98344039e-02,   3.87365185e-02,  -2.30221113e-02,  -9.55127456e-03, 
                    1.00923840e-02,  -2.33193745e-02,  -2.76210735e-02,  -1.05296082e-02,  -3.18573123e-02, 
                   -1.05213308e-02,   8.88052286e-04,   1.39478782e-03,  -4.63874460e-03,   1.06014095e-02, 
                   -1.01457248e-02,   2.63196839e-02,  -2.56533730e-02,  -2.32754628e-02,   5.61244886e-02, 
                   -4.11353527e-02,   2.51438894e-02,  -2.86120822e-03,   5.81428791e-02,  -2.44407761e-02, 
                    6.14941112e-03,   5.86796407e-03,   6.46648439e-02,   4.24881352e-02,   4.30321747e-03, 
                    1.06293396e-02,   5.60172455e-02,  -4.31114065e-02,   1.63422589e-03,  -1.01832762e-02, 
                   -2.36164053e-02,  -1.13607616e-02,  -4.31595665e-03,  -5.27303292e-03,   9.46647770e-03, 
                    4.93808354e-03,   1.21219971e-02,  -2.78543025e-02,  -1.88956042e-02,   1.69100673e-02, 
                   -3.40381072e-03,   9.12595400e-03,  -6.56508438e-03,   2.50474637e-02,  -1.71910133e-03, 
                    1.21720558e-02,  -1.90620524e-03,   6.10145889e-03,   2.28117669e-03,  -4.15873491e-02, 
                    2.10090526e-02,   1.67069404e-02,   3.29776009e-02,  -4.64120114e-02,   5.79960862e-03, 
                    2.28728977e-02,   9.04640460e-03,  -2.88296185e-02,  -6.22160778e-03,  -2.14025817e-02, 
                   -2.20409662e-03,  -4.15566268e-03,  -4.62295383e-03,  -3.90941617e-02,  -1.65159912e-02, 
                    6.27024055e-04,   9.13900854e-02,   4.36131555e-02,   4.78256321e-03,  -6.43186947e-02, 
                    4.56446837e-03,  -5.17393260e-02,  -1.84992482e-02,  -9.27308618e-03,  -6.05992569e-03, 
                   -2.38968577e-02,  -3.56706947e-02,   3.32158399e-03,  -1.15661634e-02,  -9.20317313e-03, 
                   -4.85884163e-02,   1.46085558e-02,   6.99947188e-03,   1.49275792e-03,   6.52996799e-03, 
                    6.63357838e-02,   2.98231715e-02,   7.12324900e-02,   1.69830349e-02,  -2.20319478e-02, 
                    3.16351818e-02,   6.09687974e-03,  -1.65032120e-02,  -1.72826527e-02,   1.18784135e-02, 
                    1.91698351e-02,   3.21268042e-02,   2.86220332e-02,   4.11073637e-02,   1.13505533e-02, 
                    3.54547949e-02,  -3.15528880e-02,  -4.88471784e-02,   2.40202988e-02,  -4.46119205e-02, 
                   -1.80398569e-02,  -2.85920102e-02,  -3.17443023e-02,   2.63861668e-02,  -3.62833745e-02, 
                   -2.11714705e-02,   3.98423515e-02,  -6.19082219e-02,  -1.42167760e-02,   3.02576115e-02, 
                   -4.54293048e-02,   3.33405353e-02,   3.67629946e-02,  -5.22636194e-02,   8.18235166e-03, 
                    4.00197626e-02,   3.77459399e-03,   1.09978084e-03,  -4.47671533e-02,   4.54128487e-02, 
                    5.40004000e-02,  -1.80635296e-02,   1.69797158e-02,  -3.55279578e-02,   4.96260006e-02, 
                   -5.71388733e-02,   4.42082836e-02,  -1.01511466e-02,  -1.13991424e-02,  -1.06837256e-02, 
                    3.33786229e-02,   1.67812219e-02,   2.98292142e-02,  -2.87970855e-02,  -4.43559232e-02, 
                    2.22155938e-02,   4.20501320e-02,  -2.49241008e-02,   1.28730791e-02,  -5.01286177e-03, 
                   -2.84611444e-02,  -1.71698308e-02,   3.75372251e-02,  -3.05033668e-02,  -3.94297029e-03, 
                    2.31264287e-02,  -2.91837620e-02,  -5.13530745e-02,   2.56869900e-02,  -3.15758801e-02, 
                   -9.64681711e-03,  -2.95725177e-02,  -4.59335624e-02,   2.29163284e-02,   9.94205633e-03, 
                   -5.52308514e-03,   2.53488097e-02,  -3.04188212e-03,  -1.41557409e-02,  -3.55032503e-03, 
                   -1.64021982e-02,   3.76940250e-02,  -1.15318605e-02,   3.18899330e-03,   4.74902667e-02, 
                    2.55102345e-02,   1.80064684e-02,  -1.76393282e-02,  -7.38932202e-04,   2.32122892e-02, 
                   -1.36101687e-02,  -2.01438873e-02,   5.21058018e-02,  -2.24737655e-02,  -3.47369027e-02, 
                    3.31412158e-03,  -1.64157378e-02,   1.09575013e-02,   9.41724649e-02,   1.14831917e-01, 
                   -8.69134358e-02,  -1.53176732e-02,   3.15668445e-02,  -5.33272496e-02,  -3.28324624e-04, 
                    7.18151815e-02,  -3.51482737e-02,   1.25900034e-01,  -1.50752120e-02,  -6.55817488e-02, 
                    1.24981549e-01,  -6.09893576e-02,  -1.94593289e-02,  -1.28430376e-02,   3.67636998e-02, 
                   -7.29892226e-03,  -2.22600095e-03,   1.09750832e-02,   3.94205984e-02,  -1.67433438e-01, 
                    3.45565575e-02,  -8.27444555e-02,   1.85205742e-01,  -6.48857716e-04,   1.20933446e-02, 
                   -1.25360082e-01,  -7.99480119e-02,   4.08458350e-03,   2.11477543e-01,  -3.21251150e-02, 
                    1.66686634e-01,  -1.46204713e-01,  -4.19603904e-03,  -2.13025169e-02,   1.34602727e-01, 
                    4.86479087e-02,   7.65069587e-02,  -1.98983862e-02,  -5.96201018e-02,   3.70467329e-02, 
                    1.07165242e-01,  -3.12998995e-03,   1.60942758e-03,  -7.62909289e-02,  -1.23106873e-01, 
                   -1.89975910e-02,  -1.43748101e-01,  -4.76527050e-02,  -3.77742136e-02,  -9.76390358e-02, 
                    5.53723679e-02,  -1.34314231e-02,  -8.16951578e-02,   6.84710284e-02,  -1.07307986e-01, 
                    1.44341825e-02,  -3.63583587e-02,   4.97743261e-02,  -9.95445520e-02,  -9.37660365e-02, 
                   -4.77909238e-02,  -1.81946374e-02,  -2.65475267e-02,   1.44131224e-01,   7.97191802e-02, 
                    8.27368481e-04,  -6.46943632e-02,  -2.32586679e-02,  -5.51474000e-02,   1.37244278e-01, 
                    9.19567644e-02,  -4.55149761e-03,   7.96579638e-02,   9.31496386e-02,  -7.13793060e-02, 
                   -4.67120304e-02,  -6.50172980e-02,   1.10083910e-02,  -6.31957039e-02,  -1.34628971e-01, 
                   -1.52956899e-01,  -5.81190249e-02,   7.16328503e-02,  -8.39221916e-02,  -3.43162566e-02, 
                    2.10810165e-02,  -4.03454559e-03,   2.03055910e-02,  -1.17495690e-01,   5.40572189e-02, 
                   -7.66510307e-03,   4.53407025e-02,  -4.24734824e-02,  -1.23651942e-01,  -1.25697434e-01, 
                    4.82676277e-02,   8.65226844e-02,   8.35929805e-02,   1.53825647e-02,  -1.92104345e-01, 
                   -2.17069734e-01,   1.17058685e-01,  -9.36161014e-02,  -6.54247771e-02,  -1.49957594e-01, 
                    8.09467718e-02,  -6.31423380e-02,   1.00027496e-01,   9.39997147e-02,  -2.76145639e-02, 
                    1.02216744e-01,   8.81623630e-02,  -8.48493985e-02,  -1.94091983e-02,   1.69884105e-02, 
                    1.25002974e-01,   1.53137693e-02,   5.40759766e-02,   1.25047417e-01,   1.91947522e-02, 
                   -2.00456935e-01,   1.15758515e-01,  -5.35576790e-02,   9.10448380e-02,   7.40038941e-02, 
                   -1.23761856e-01,   1.10060223e-01,   3.37529634e-02,  -2.75959209e-02,  -7.51358482e-02, 
                    5.97796380e-02,   7.96625613e-03,   3.39084616e-02,  -9.11073443e-02,   1.93838295e-01, 
                    6.41019440e-03,  -1.38369073e-01,  -5.20081777e-02,   4.92673021e-02,   1.27227520e-01 ]
               </s>
            </thermostat>
            <timestep>  2.06706865e+01</timestep>
            <nmts shape='(1)'> [ 1 ] </nmts>
         </dynamics>
      </motion>
      <beads natoms='48' nbeads='1'>
         <q shape='(1, 144)'>
          [   7.27850195e+00,   7.13966385e+00,   7.06326030e+00,   3.62746095e+00,   7.27046993e+00, 
              1.08572691e+01,   1.43750191e+01,   1.43253899e+01,   7.37498209e+00,  -1.85211294e-02, 
              3.52688698e+00,   1.80543718e+01,   3.65207580e+00,   1.98369998e-01,   1.78625921e+01, 
              7.10426295e+00,   1.43620672e+01,   1.42630878e+01,   3.62319096e+00,   3.52888702e+00, 
              1.44839055e+01,   3.73704952e+00,   1.43036202e+01,   3.82817429e+00,   1.06320876e+01, 
              1.11240064e+01,   7.13434392e+00,   1.07905249e+01,   3.62875367e+00,   4.20660246e-01, 
              1.43061146e+01,   7.31751980e+00,   7.13722268e+00,   1.08327458e+01,   3.43441104e+00, 
              1.44795999e+01,   3.59640083e+00,   7.45916990e+00,   1.80517725e+01,   3.20760200e-02, 
              1.41190996e+01,   1.43422644e+01,   3.58874512e+00,  -5.42010536e-02,   1.06728924e+01, 
              1.43221643e+01,   3.29298885e+00,   3.47276771e+00,   7.08461837e+00,   3.62074305e+00, 
              3.57979303e+00,   7.22029126e+00,   1.08484530e+01,   3.45354120e+00,   1.06204138e+01, 
              1.43354330e+01,   3.43961471e+00,   1.06814794e+01,   1.43435794e+01,   1.07834215e+01, 
              7.13951738e+00,  -1.35217258e-02,   7.18506758e+00,   3.98820613e+00,   1.08238869e+01, 
              7.13618532e+00,   1.09163216e+01,  -1.25392581e-01,   1.81486887e+01,   7.21399843e+00, 
              7.26127268e+00,   2.15596973e+01,   1.44114533e+01,   3.76202312e+00,   1.09395462e+01, 
              6.38239633e-02,   1.07774770e+01,   3.41769891e+00,   1.08579730e+01,   7.19946803e+00, 
              1.77686920e+01,  -1.92510486e-02,   1.07842280e+01,   1.08480300e+01,   1.43631227e+01, 
              7.03493592e+00,   5.28346786e-03,   7.18965805e+00,   3.65601052e+00,   1.79976396e+01, 
              1.08146454e+01,   7.36734772e+00,   3.63091140e+00,   1.76847798e-01,   1.06431893e+01, 
              1.79062672e+01,   7.30552515e+00,   1.07110119e+01,   1.08685265e+01,   1.08042024e+01, 
              3.48609773e+00,   7.35893954e+00,   1.43314959e+01,   7.36503003e+00,   1.44069035e+01, 
              1.07857190e+01,   7.27605469e+00,   1.10333948e+01,   1.07804387e+01,   1.08138415e+01, 
              1.43776077e+01,   3.50907594e-02,   1.40940809e+01,   2.14093755e+01,   3.77386463e+00, 
              1.06869258e+01,   2.14055153e+01,   7.36807971e+00,   1.08169385e+01,   1.80058548e+01, 
              3.53284486e+00,   7.05644042e+00,   3.61760360e+00,   1.08560472e+01,   1.07577641e+01, 
              2.14984333e+01,   7.38528987e+00,   3.51306401e+00,   1.07452944e+01,   7.23659213e+00, 
              1.42789966e+01,   6.14842618e-02,   7.32721360e+00,   7.45644149e+00,   1.45801967e+01, 
              3.56133842e+00,   1.07226907e+01,   1.44115153e+01,   3.90308360e+00,   3.79676656e+00, 
              2.16420032e+01,   3.55501989e+00,   3.61850834e+00,   7.18809690e+00 ]
         </q>
         <p shape='(1, 144)'>
          [  -3.58677489e+01,   3.83165392e+01,  -7.06213506e+01,  -5.15213492e+01,   2.67999412e+01, 
             -2.55218214e+01,  -2.92788610e+00,   1.59690026e+01,   6.38764882e+00,  -4.11971369e+01, 
              2.48244173e+01,  -3.75311697e-02,   1.77795231e+01,   4.62717431e+01,  -7.25027671e+01, 
              2.48087522e+01,   1.71901672e+01,  -7.76065363e+00,  -3.26171071e+01,  -1.49202296e+01, 
              2.38074736e+01,  -1.14847260e+01,  -1.26588713e+01,   7.63978689e+01,  -1.01177110e+01, 
              5.11475618e+01,  -1.02552524e+02,   2.83014632e+01,  -2.11672901e+01,   4.58465262e+01, 
              6.15478409e+01,  -2.29240429e+01,  -9.79963348e+01,   1.94772646e+01,  -1.09606083e+02, 
              5.71955991e+01,   5.26790752e+00,   1.90094773e+01,  -1.03074807e+02,  -1.64018159e+01, 
             -2.90900482e+01,  -2.49879868e+00,   2.27104495e+01,  -5.02878597e+01,  -6.28441984e+01, 
             -2.33894944e+01,  -2.26300053e+00,   5.74092169e+01,   4.00431079e+01,  -1.26239670e+01, 
              8.14133182e+01,   6.37716184e+01,  -1.26140899e+01,   5.24977808e+01,  -3.51191222e+01, 
              5.76026768e+00,   5.50311641e+01,  -4.08602736e+01,   4.50891119e+01,   1.71948953e+01, 
              2.04717391e+01,  -1.42256868e+01,   5.03387881e+01,   6.08752413e+01,   3.66318027e+01, 
              1.21332578e+01,   2.37170190e+01,  -1.05469924e+02,  -4.60692740e+01,  -1.75154976e+00, 
              1.04802891e+01,  -1.58712534e+01,   3.13125513e+00,  -5.54824617e+01,  -7.06399950e+01, 
              2.20961254e+01,  -1.19942608e+01,  -7.24159876e+01,   3.40997797e+01,   1.66592150e+01, 
              4.92380844e+01,  -1.56007337e+01,   3.88112941e+01,   8.45336077e+01,   7.82027680e+01, 
              5.28225841e+01,  -3.75047286e+01,   8.18859122e+01,   3.06638646e+01,  -1.10006513e+01, 
              1.23322089e+01,  -4.80058843e+01,   7.59462020e+01,  -3.50494983e+01,   4.45264814e+00, 
             -3.00942771e+01,   1.93238469e+01,   9.47668869e+01,   9.57216553e+01,  -4.48880453e+01, 
             -1.20503325e+02,  -6.99866073e+01,  -4.22773892e+01,   1.89211775e+02,   1.50210275e+02, 
             -1.35345705e+02,   8.20394235e+01,   9.45993723e+01,   9.87866153e+01,  -1.23342565e+02, 
              8.45931023e+01,  -1.01839214e+02,  -8.33201280e+01,   4.14258414e+01,  -1.15062699e+02, 
             -7.50905779e+01,  -6.83967473e+00,   5.14659430e+01,  -4.56223064e+01,  -5.59910760e+01, 
             -2.22693687e+01,   8.43743091e-01,  -1.09758797e+02,   2.59116282e+01,   2.43758211e+02, 
             -7.60484717e+01,   4.54495401e+00,  -1.52207989e+02,  -1.04947805e+02,   1.60746006e+02, 
             -6.57186867e+01,  -6.50961679e+01,   2.19046912e+01,   6.09085177e+01,  -8.34925027e+01, 
             -5.61774072e+01,   3.26581019e+01,   1.20450219e+02,  -1.72877729e+02,   3.45085621e+01, 
              1.53439748e+02,   4.14400508e+01,  -3.04558710e+01,  -8.46435898e+01 ]
         </p>
         <m shape='(48)'>
          [   8.19496113e+04,   8.19496113e+04,   8.19496113e+04,   8.19496113e+04,   8.19496113e+04, 
              8.19496113e+04,   8.19496113e+04,   8.19496113e+04,   8.19496113e+04,   8.19496113e+04, 
              8.19496113e+04,   8.19496113e+04,   1.01799208e+05,   1.01799208e+05,   1.01799208e+05, 
              1.01799208e+05,   1.01799208e+05,   1.01799208e+05,   1.01799208e+05,   1.01799208e+05, 
              1.01799208e+05,   1.01799208e+05,   1.01799208e+05,   1.19198679e+05,   1.19198679e+05, 
              1.19198679e+05,   1.19198679e+05,   1.19198679e+05,   1.19198679e+05,   1.19198679e+05, 
              1.74887923e+05,   1.93991794e+05,   1.93991794e+05,   1.93991794e+05,   1.93991794e+05, 
              1.93991794e+05,   1.93991794e+05,   1.93991794e+05,   1.93991794e+05,   1.93991794e+05, 
              1.93991794e+05,   3.50390159e+05,   3.50390159e+05,   3.50390159e+05,   3.50390159e+05, 
              3.50390159e+05,   3.50390159e+05,   3.50390159e+05 ]
         </m>
         <names shape='(48)'>
          [ Sc, Sc, Sc, Sc, Sc, 
            Sc, Sc, Sc, Sc, Sc, 
            Sc, Sc, Fe, Fe, Fe, 
            Fe, Fe, Fe, Fe, Fe, 
            Fe, Fe, Fe, Zn, Zn, 
            Zn, Zn, Zn, Zn, Zn, 
            Mo, Pd, Pd, Pd, Pd, 
            Pd, Pd, Pd, Pd, Pd, 
            Pd, Ir, Ir, Ir, Ir, 
            Ir, Ir, Ir ]
         </names>
      </beads>
      <cell shape='(3, 3)'>
       [   1.44054232e+01,   8.82077769e-16,   1.32311665e-15,   0.00000000e+00,   1.44054232e+01, 
           1.32311665e-15,   0.00000000e+00,   0.00000000e+00,   2.16081348e+01 ]
      </cell>
   </system>
</simulation>
